2 0.15390625 0.3546875 0.0703125 0.1640625
2 0.2703125 0.55703125 0.0671875 0.1515625
2 0.3421875 0.5125 0.07265625 0.1375
2 0.4078125 0.48046875 0.046875 0.10625
2 0.4828125 0.47421875 0.134375 0.13984375
2 0.40390625 0.74140625 0.1046875 0.103125
2 0.5 0.8453125 0.05625 0.1046875
2 0.6484375 0.8125 0.08984375 0.17734375
2 0.62265625 0.8921875 0.10390625 0.13671875
2 0.6234375 0.684375 0.0703125 0.09375
2 0.7265625 0.66640625 0.07265625 0.15546875
2 0.63828125 0.55 0.09296875 0.1265625
2 0.26796875 0.37265625 0.0875 0.1390625
2 0.41015625 0.3625 0.0734375 0.13359375