2 0.1046875 0.4375 0.08359375 0.1515625
2 0.271875 0.52421875 0.1984375 0.18359375
2 0.1828125 0.1734375 0.11328125 0.12109375
2 0.3296875 0.2078125 0.1046875 0.140625
2 0.5109375 0.27109375 0.2171875 0.24296875
2 0.5328125 0.428125 0.1328125 0.1515625
2 0.64921875 0.39921875 0.09921875 0.14375
2 0.734375 0.35625 0.109375 0.1609375
2 0.890625 0.4515625 0.13984375 0.24453125
2 0.73671875 0.5078125 0.21328125 0.17421875
2 0.653125 0.665625 0.15703125 0.1796875
2 0.86015625 0.74453125 0.1140625 0.17578125
2 0.52109375 0.3296875 0.10703125 0.09296875