2 0.18515625 0.61640625 0.2546875 0.5828125
2 0.42890625 0.4703125 0.0828125 0.134375
2 0.3953125 0.6109375 0.05078125 0.18203125
2 0.4171875 0.8 0.06796875 0.15625
2 0.48515625 0.76875 0.11171875 0.1578125
2 0.45 0.56953125 0.07421875 0.1859375
2 0.53046875 0.64609375 0.0984375 0.25625
2 0.55859375 0.453125 0.07421875 0.12265625
2 0.62421875 0.6359375 0.0703125 0.2328125
2 0.73671875 0.5953125 0.12890625 0.31484375
2 0.8671875 0.475 0.18984375 0.42578125
2 0.71015625 0.246875 0.08671875 0.209375
2 0.821875 0.1671875 0.09296875 0.146875