2 0.7046875 0.69375 0.1890625 0.309375
2 0.9078125 0.77265625 0.1359375 0.2140625
2 0.63203125 0.5078125 0.11640625 0.17734375
2 0.52265625 0.40234375 0.075 0.1640625
2 0.82109375 0.41171875 0.08671875 0.15546875
2 0.68125 0.3703125 0.14609375 0.1265625
2 0.21015625 0.775 0.19765625 0.33828125
2 0.30234375 0.615625 0.15 0.21796875
2 0.35859375 0.50390625 0.15 0.21484375
2 0.39765625 0.384375 0.11015625 0.12109375
2 0.1015625 0.53984375 0.08515625 0.21796875
2 0.18515625 0.4609375 0.07890625 0.1828125
2 0.275 0.39296875 0.10234375 0.19140625
2 0.92109375 0.353125 0.09375 0.1875