2 0.296875 0.71953125 0.11484375 0.56015625
2 0.26171875 0.23203125 0.13828125 0.32578125
2 0.15859375 0.5796875 0.115625 0.3546875
2 0.39921875 0.7203125 0.08046875 0.2375
2 0.41171875 0.48671875 0.0625 0.21640625
2 0.4828125 0.80234375 0.0828125 0.21953125
2 0.48828125 0.6125 0.053125 0.19609375
2 0.559375 0.596875 0.06796875 0.2625
2 0.5796875 0.41875 0.05546875 0.1796875
2 0.63203125 0.59921875 0.0453125 0.15703125
2 0.63984375 0.86484375 0.046875 0.26953125
2 0.57890625 0.87578125 0.0703125 0.22421875
2 0.84140625 0.4921875 0.27734375 0.896875