2 0.68828125 0.30078125 0.1625 0.0703125
2 0.796875 0.41484375 0.121875 0.1125
2 0.7125 0.40703125 0.128125 0.07421875
2 0.5921875 0.3875 0.13046875 0.0875
2 0.546875 0.48515625 0.13125 0.0703125
2 0.690625 0.5203125 0.1421875 0.11796875
2 0.8109375 0.5703125 0.06640625 0.0984375
2 0.70390625 0.65078125 0.103125 0.1203125
2 0.4515625 0.52734375 0.103125 0.06015625
2 0.43203125 0.57890625 0.10546875 0.08125
2 0.46953125 0.6828125 0.11953125 0.09921875
2 0.46171875 0.740625 0.1546875 0.0921875
2 0.3171875 0.8203125 0.1671875 0.12734375
2 0.19921875 0.696875 0.084375 0.05234375