2 0.8171875 0.765625 0.24765625 0.3328125
2 0.696875 0.64375 0.1890625 0.31875
2 0.6078125 0.4390625 0.1046875 0.2140625
2 0.58359375 0.36328125 0.08984375 0.153125
2 0.92734375 0.46171875 0.1390625 0.22890625
2 0.821875 0.42890625 0.11640625 0.14921875
2 0.0890625 0.921875 0.1203125 0.15546875
2 0.2796875 0.72578125 0.178125 0.3390625
2 0.35546875 0.49609375 0.10625 0.1859375
2 0.41953125 0.43203125 0.10078125 0.20078125
2 0.46875 0.353125 0.0828125 0.15625
2 0.078125 0.38203125 0.0984375 0.121875