2 0.6921875 0.63515625 0.1328125 0.25390625
2 0.0734375 0.24921875 0.12890625 0.2
2 0.05625 0.64453125 0.1015625 0.31953125
2 0.265625 0.32734375 0.1703125 0.325
2 0.27265625 0.65546875 0.1921875 0.24921875
2 0.47265625 0.23671875 0.12890625 0.1671875
2 0.4921875 0.40703125 0.13984375 0.16171875
2 0.6234375 0.25078125 0.121875 0.20390625
2 0.79375 0.38125 0.178125 0.2078125
2 0.96875 0.61875 0.06171875 0.27421875
2 0.2625 0.10546875 0.06328125 0.12265625
2 0.3578125 0.121875 0.078125 0.13984375
2 0.46875 0.12109375 0.075 0.14296875
2 0.865625 0.153125 0.1578125 0.175
2 0.73671875 0.15 0.09453125 0.1578125
2 0.95546875 0.271875 0.0890625 0.23046875
2 0.1328125 0.0671875 0.090625 0.0953125