2 0.1625 0.4921875 0.2953125 0.825
2 0.42421875 0.40859375 0.08671875 0.16875
2 0.37421875 0.58671875 0.03671875 0.22109375
2 0.4203125 0.84921875 0.12578125 0.23828125
2 0.45546875 0.59375 0.07265625 0.18671875
2 0.54765625 0.45859375 0.07265625 0.196875
2 0.5265625 0.6421875 0.06796875 0.16953125
2 0.52890625 0.8046875 0.0765625 0.24140625
2 0.61015625 0.775 0.0609375 0.3703125
2 0.7171875 0.75859375 0.1078125 0.4828125
2 0.77265625 0.24765625 0.1265625 0.29921875
2 0.87734375 0.64375 0.18359375 0.56640625