2 0.146875 0.178125 0.06328125 0.121875
2 0.10078125 0.47421875 0.07578125 0.275
2 0.27734375 0.53984375 0.1625 0.1921875
2 0.51484375 0.43515625 0.09609375 0.16953125
2 0.5234375 0.34296875 0.08203125 0.11171875
2 0.446875 0.203125 0.071875 0.084375
2 0.35234375 0.1578125 0.08515625 0.10078125
2 0.271875 0.21953125 0.05703125 0.075
2 0.76640625 0.47890625 0.31640625 0.321875
2 0.64296875 0.6734375 0.125 0.2640625
2 0.6359375 0.39765625 0.1 0.09140625
2 0.728125 0.3421875 0.07734375 0.10703125
2 0.875 0.7421875 0.08359375 0.1796875
2 0.859375 0.40390625 0.06875 0.121875
2 0.51875 0.24921875 0.065625 0.09140625
2 0.90390625 0.49296875 0.10234375 0.1484375
2 0.33828125 0.346875 0.14765625 0.215625