2 0.86015625 0.75 0.0953125 0.2125
2 0.61640625 0.77578125 0.1125 0.14765625
2 0.61328125 0.66328125 0.1484375 0.11953125
2 0.59453125 0.584375 0.09375 0.13125
2 0.58203125 0.5125 0.09609375 0.10703125
2 0.34921875 0.625 0.14453125 0.19296875
2 0.2203125 0.7625 0.12109375 0.14453125
2 0.3703125 0.80859375 0.07734375 0.14453125
2 0.4359375 0.52265625 0.115625 0.13828125
2 0.3859375 0.3984375 0.08203125 0.10234375
2 0.22890625 0.396875 0.10390625 0.11484375
2 0.27265625 0.496875 0.10390625 0.16875
2 0.17734375 0.56484375 0.125 0.184375
2 0.090625 0.603125 0.05859375 0.134375
2 0.06484375 0.7328125 0.1234375 0.115625
2 0.8953125 0.59921875 0.08203125 0.17578125