2 0.23984375 0.23125 0.12890625 0.33203125
2 0.28984375 0.72890625 0.0953125 0.50390625
2 0.140625 0.565625 0.1765625 0.36171875
2 0.85859375 0.51796875 0.246875 0.77578125
2 0.57109375 0.83046875 0.07890625 0.18359375
2 0.53828125 0.5609375 0.0546875 0.16171875
2 0.58203125 0.4078125 0.06484375 0.13515625
2 0.62890625 0.59609375 0.05390625 0.165625
2 0.43203125 0.49140625 0.084375 0.17265625
2 0.49296875 0.61640625 0.0765625 0.18671875
2 0.46640625 0.80859375 0.0734375 0.18828125
2 0.3828125 0.68046875 0.0546875 0.184375
2 0.48828125 0.9453125 0.1078125 0.084375