2 0.53984375 0.71640625 0.21015625 0.2296875
2 0.18046875 0.51015625 0.178125 0.1296875
2 0.17109375 0.29921875 0.1 0.15234375
2 0.290625 0.33203125 0.084375 0.1125
2 0.3078125 0.2484375 0.0875 0.1046875
2 0.478125 0.390625 0.1203125 0.13671875
2 0.7625 0.65 0.0640625 0.14921875
2 0.834375 0.63203125 0.040625 0.0984375
2 0.7765625 0.82421875 0.09375 0.1203125
2 0.759375 0.5015625 0.06171875 0.0984375
2 0.61875 0.41796875 0.1015625 0.06953125
2 0.5578125 0.54296875 0.1109375 0.10546875
2 0.61875 0.50625 0.08046875 0.10234375
2 0.90546875 0.634375 0.0640625 0.06875