2 0.0515625 0.353125 0.07265625 0.1921875
2 0.11171875 0.72578125 0.12734375 0.32734375
2 0.3140625 0.6984375 0.20390625 0.24609375
2 0.24375 0.29921875 0.1328125 0.22109375
2 0.44921875 0.3015625 0.1265625 0.13671875
2 0.61875 0.290625 0.09140625 0.10390625
2 0.4921875 0.2015625 0.0859375 0.08203125
2 0.3953125 0.23515625 0.0890625 0.109375
2 0.49140625 0.44140625 0.13359375 0.15234375
2 0.60625 0.41875 0.1328125 0.12734375
2 0.796875 0.3796875 0.2125 0.11953125
2 0.95 0.53046875 0.0859375 0.25703125
2 0.71328125 0.609375 0.15234375 0.1875
2 0.68828125 0.18203125 0.1 0.08828125
2 0.83203125 0.14765625 0.11953125 0.15390625
2 0.9328125 0.2234375 0.059375 0.14921875
2 0.1375 0.396875 0.09140625 0.16484375