2 0.91796875 0.8296875 0.15546875 0.33984375
2 0.71171875 0.746875 0.3015625 0.3890625
2 0.65546875 0.54375 0.1515625 0.21328125
2 0.534375 0.3578125 0.08515625 0.115625
2 0.15859375 0.765625 0.23203125 0.4109375
2 0.31171875 0.63828125 0.23203125 0.30390625
2 0.37890625 0.4546875 0.1578125 0.2375
2 0.4265625 0.3515625 0.1125 0.19453125
2 0.08359375 0.4671875 0.13515625 0.3046875
2 0.165625 0.44375 0.1078125 0.178125
2 0.26796875 0.39296875 0.11640625 0.1671875
2 0.69609375 0.365625 0.109375 0.13515625
2 0.865625 0.45078125 0.14765625 0.215625
2 0.98125 0.4171875 0.0375 0.2125