2 0.90703125 0.52265625 0.11640625 0.2640625
2 0.55625 0.45703125 0.0640625 0.09921875
2 0.359375 0.4671875 0.0890625 0.09921875
2 0.21640625 0.55078125 0.115625 0.0984375
2 0.175 0.59453125 0.11640625 0.0953125
2 0.1828125 0.8171875 0.103125 0.209375
2 0.23203125 0.75078125 0.0953125 0.18984375
2 0.38828125 0.6953125 0.1375 0.1984375
2 0.50234375 0.82265625 0.08671875 0.12890625
2 0.63046875 0.50546875 0.06875 0.1296875
2 0.65859375 0.5921875 0.17890625 0.121875
2 0.7109375 0.67109375 0.13125 0.11796875
2 0.7640625 0.46640625 0.1625 0.10078125
2 0.4859375 0.54453125 0.14375 0.1171875