2 0.74453125 0.7984375 0.290625 0.40234375
2 0.63359375 0.5265625 0.15390625 0.23125
2 0.54296875 0.38984375 0.1 0.1640625
2 0.6875 0.36171875 0.1078125 0.11640625
2 0.875 0.43515625 0.2078125 0.15703125
2 0.171875 0.775 0.24375 0.4140625
2 0.30390625 0.628125 0.21171875 0.3734375
2 0.371875 0.4125 0.153125 0.259375
2 0.44375 0.37109375 0.11875 0.2171875
2 0.0765625 0.5046875 0.153125 0.296875
2 0.18828125 0.453125 0.1234375 0.21640625
2 0.2890625 0.38125 0.13359375 0.2453125
2 0.3890625 0.33984375 0.13359375 0.1671875
2 0.871875 0.3203125 0.17109375 0.16484375