2 0.95078125 0.8171875 0.0984375 0.340625
2 0.8734375 0.71953125 0.115625 0.228125
2 0.79921875 0.62265625 0.10234375 0.20703125
2 0.85625 0.4796875 0.1625 0.15703125
2 0.70078125 0.5328125 0.09453125 0.159375
2 0.66171875 0.41484375 0.0671875 0.09140625
2 0.69296875 0.3640625 0.0640625 0.1015625
2 0.740625 0.93359375 0.14453125 0.1328125
2 0.5984375 0.9265625 0.11015625 0.14609375
2 0.6203125 0.728125 0.1703125 0.26015625
2 0.56015625 0.50859375 0.128125 0.13515625
2 0.57421875 0.39609375 0.08359375 0.13515625
2 0.43828125 0.48828125 0.0984375 0.159375
2 0.39375 0.5703125 0.1578125 0.1390625
2 0.3265625 0.68515625 0.1515625 0.109375
2 0.29921875 0.828125 0.1546875 0.14765625
2 0.06796875 0.6765625 0.10625 0.19453125
2 0.18125 0.5765625 0.13359375 0.16328125
2 0.059375 0.434375 0.0921875 0.146875
2 0.17578125 0.4140625 0.09375 0.12890625
2 0.3078125 0.39375 0.09765625 0.10390625