2 0.621875 0.78203125 0.18671875 0.30703125
2 0.8953125 0.74921875 0.07734375 0.25390625
2 0.7796875 0.53203125 0.06953125 0.1109375
2 0.871875 0.46796875 0.05625 0.0875
2 0.95859375 0.41796875 0.034375 0.1328125
2 0.80703125 0.4046875 0.04921875 0.11015625
2 0.75078125 0.340625 0.0296875 0.0703125
2 0.65234375 0.303125 0.02890625 0.103125
2 0.6140625 0.32890625 0.03359375 0.10078125
2 0.57734375 0.43984375 0.040625 0.0796875
2 0.5625 0.28359375 0.04609375 0.11328125
2 0.57265625 0.571875 0.071875 0.0796875
2 0.4734375 0.40390625 0.09453125 0.09765625
2 0.315625 0.55625 0.09921875 0.1640625
2 0.203125 0.7 0.15390625 0.19453125
2 0.11640625 0.4546875 0.059375 0.190625
2 0.2203125 0.4359375 0.0953125 0.1296875
2 0.21640625 0.30703125 0.06953125 0.1640625
2 0.1421875 0.309375 0.06015625 0.13046875
2 0.090625 0.38515625 0.0546875 0.1390625
2 0.31953125 0.3453125 0.0546875 0.1265625
2 0.4140625 0.2578125 0.09765625 0.06953125
2 0.31640625 0.2203125 0.11015625 0.12109375
2 0.5015625 0.240625 0.05859375 0.0734375
2 0.496875 0.3234375 0.05390625 0.05859375
2 0.63671875 0.4984375 0.0640625 0.1671875