2 0.82890625 0.51875 0.21953125 0.27421875
2 0.71328125 0.534375 0.17421875 0.2859375
2 0.571875 0.43671875 0.1140625 0.2140625
2 0.51484375 0.390625 0.1 0.14140625
2 0.83046875 0.32734375 0.10625 0.19375
2 0.7390625 0.309375 0.121875 0.11875
2 0.64375 0.3296875 0.090625 0.128125
2 0.43828125 0.42890625 0.11953125 0.15703125
2 0.40703125 0.50234375 0.16484375 0.11796875
2 0.39296875 0.61484375 0.19296875 0.14140625
2 0.38828125 0.71171875 0.278125 0.17265625
2 0.346875 0.78984375 0.246875 0.178125
2 0.26640625 0.890625 0.14375 0.21796875
2 0.203125 0.59375 0.10234375 0.12734375
2 0.2875 0.49921875 0.0921875 0.12265625
2 0.13828125 0.60859375 0.1234375 0.128125