2 0.196875 0.61875 0.26015625 0.5875
2 0.38046875 0.6015625 0.0328125 0.09375
2 0.45546875 0.76640625 0.09921875 0.184375
2 0.4703125 0.5703125 0.084375 0.1921875
2 0.428125 0.4796875 0.0671875 0.12890625
2 0.54453125 0.46796875 0.0609375 0.175
2 0.5484375 0.65234375 0.0671875 0.17734375
2 0.625 0.634375 0.065625 0.25625
2 0.55 0.81328125 0.03203125 0.05234375
2 0.6109375 0.4046875 0.04140625 0.10546875
2 0.8625 0.43359375 0.15390625 0.3125
2 0.73515625 0.26328125 0.09609375 0.25078125
2 0.7234375 0.61171875 0.08984375 0.3015625
2 0.871875 0.16328125 0.1109375 0.18046875