2 0.059375 0.33359375 0.059375 0.18984375
2 0.09453125 0.73046875 0.09765625 0.309375
2 0.28203125 0.68984375 0.18515625 0.1953125
2 0.7125 0.58984375 0.16015625 0.23046875
2 0.95859375 0.53203125 0.0828125 0.24453125
2 0.9234375 0.2109375 0.10625 0.1609375
2 0.82421875 0.1296875 0.0796875 0.13984375
2 0.803125 0.33125 0.1921875 0.196875
2 0.59765625 0.2796875 0.11640625 0.1265625
2 0.69140625 0.1671875 0.14375 0.11015625
2 0.4796875 0.20078125 0.1171875 0.09921875
2 0.47578125 0.3125 0.1125 0.09921875
2 0.496875 0.421875 0.13515625 0.0953125
2 0.63671875 0.409375 0.12265625 0.10234375
2 0.3015625 0.42421875 0.165625 0.22578125
2 0.26484375 0.1890625 0.096875 0.12890625
2 0.36875 0.2125 0.09140625 0.15234375
2 0.1765625 0.26171875 0.075 0.0984375
2 0.15859375 0.3640625 0.10703125 0.15078125
2 0.1 0.2078125 0.06328125 0.07578125