2 0.209375 0.6578125 0.28046875 0.4515625
2 0.5828125 0.65078125 0.08046875 0.12265625
2 0.53515625 0.55390625 0.07265625 0.11171875
2 0.478125 0.57890625 0.06484375 0.14609375
2 0.428125 0.50390625 0.0640625 0.11953125
2 0.40546875 0.59296875 0.05234375 0.1109375
2 0.51171875 0.73046875 0.12734375 0.10625
2 0.5421875 0.45 0.07109375 0.11875
2 0.646875 0.5625 0.07578125 0.17265625
2 0.73203125 0.53203125 0.153125 0.275
2 0.83828125 0.36953125 0.17421875 0.24921875
2 0.6859375 0.25390625 0.1203125 0.15703125