2 0.0578125 0.678125 0.115625 0.2734375
2 0.41484375 0.4796875 0.07734375 0.13046875
2 0.3875 0.559375 0.090625 0.121875
2 0.36640625 0.6515625 0.13984375 0.15625
2 0.2953125 0.7734375 0.146875 0.1796875
2 0.64296875 0.42578125 0.08125 0.12890625
2 0.84140625 0.45234375 0.175 0.159375
2 0.60703125 0.72421875 0.240625 0.21875
2 0.18828125 0.546875 0.11875 0.1609375
2 0.76796875 0.59609375 0.0890625 0.16484375
2 0.86875 0.7 0.14140625 0.228125
2 0.93359375 0.81953125 0.1015625 0.21796875
2 0.575 0.91875 0.11640625 0.14609375
2 0.7640625 0.9359375 0.15390625 0.11875
2 0.53984375 0.53828125 0.0921875 0.14453125
2 0.0640625 0.453125 0.0875 0.12265625