2 0.90859375 0.6234375 0.14921875 0.3046875
2 0.7546875 0.60078125 0.1984375 0.26796875
2 0.59921875 0.4734375 0.10625 0.16796875
2 0.5046875 0.4078125 0.08046875 0.1328125
2 0.7203125 0.371875 0.13359375 0.1140625
2 0.84921875 0.3109375 0.09375 0.11953125
2 0.30390625 0.81640625 0.18203125 0.22421875
2 0.3625 0.61796875 0.184375 0.134375
2 0.384375 0.47109375 0.153125 0.1171875
2 0.415625 0.37421875 0.10625 0.10625
2 0.61015625 0.33125 0.0671875 0.06953125
2 0.15 0.6375 0.08203125 0.16640625
2 0.20703125 0.5875 0.0953125 0.15
2 0.27421875 0.48359375 0.09296875 0.1015625
2 0.31328125 0.41171875 0.046875 0.08671875
2 0.778125 0.26484375 0.0546875 0.06953125