2 0.1890625 0.5609375 0.26015625 0.62421875
2 0.43828125 0.4359375 0.07109375 0.1375
2 0.37109375 0.59921875 0.03125 0.20859375
2 0.55703125 0.4765625 0.1015625 0.1859375
2 0.4546875 0.59609375 0.08125 0.2109375
2 0.54140625 0.70703125 0.08203125 0.2375
2 0.61640625 0.70859375 0.0390625 0.24453125
2 0.45078125 0.78671875 0.1125 0.16328125
2 0.73515625 0.25703125 0.109375 0.28359375
2 0.86953125 0.51640625 0.2046875 0.4203125
2 0.73046875 0.62265625 0.125 0.3828125
2 0.8453125 0.2234375 0.0625 0.24296875