2 0.31015625 0.56640625 0.18671875 0.19921875
2 0.13359375 0.29375 0.09296875 0.10390625
2 0.31171875 0.29453125 0.096875 0.05546875
2 0.28046875 0.19609375 0.06484375 0.065625
2 0.36640625 0.21484375 0.0546875 0.0546875
2 0.57734375 0.48671875 0.109375 0.134375
2 0.590625 0.671875 0.1328125 0.09453125
2 0.6015625 0.81953125 0.15703125 0.1546875
2 0.78359375 0.77734375 0.1203125 0.115625
2 0.73046875 0.6765625 0.07890625 0.1125
2 0.78046875 0.6234375 0.07265625 0.0921875
2 0.671875 0.53984375 0.08359375 0.12421875
2 0.4328125 0.44296875 0.1484375 0.1390625
2 0.484375 0.35859375 0.0765625 0.12109375