2 0.7109375 0.8234375 0.2984375 0.35234375
2 0.58828125 0.54921875 0.103125 0.20703125
2 0.60390625 0.3875 0.0890625 0.21328125
2 0.58359375 0.23515625 0.04375 0.13125
2 0.64765625 0.20546875 0.06015625 0.07890625
2 0.9640625 0.6765625 0.071875 0.334375
2 0.8140625 0.43203125 0.0703125 0.140625
2 0.7 0.27109375 0.04609375 0.11484375
2 0.75625 0.19765625 0.0375 0.103125
2 0.8203125 0.26015625 0.02578125 0.1359375
2 0.89453125 0.321875 0.06015625 0.140625
2 0.19609375 0.84765625 0.1796875 0.3046875
2 0.296875 0.63984375 0.08671875 0.196875
2 0.4484375 0.38359375 0.10625 0.19765625
2 0.3203125 0.353125 0.071875 0.15703125
2 0.1921875 0.4796875 0.1046875 0.1828125
2 0.0703125 0.590625 0.09296875 0.3125
2 0.09296875 0.3375 0.08046875 0.1484375
2 0.21171875 0.2921875 0.1140625 0.184375
2 0.3046875 0.19296875 0.0546875 0.1359375
2 0.39296875 0.19453125 0.09765625 0.11953125
2 0.50859375 0.203125 0.07734375 0.1359375
2 0.97109375 0.23125 0.0578125 0.178125
2 0.89765625 0.16953125 0.08515625 0.096875