2 0.78203125 0.61328125 0.13046875 0.18671875
2 0.69453125 0.51015625 0.07890625 0.11640625
2 0.87109375 0.403125 0.08125 0.13671875
2 0.775 0.384375 0.1015625 0.11796875
2 0.7515625 0.27734375 0.0875 0.09296875
2 0.465625 0.73359375 0.17578125 0.18203125
2 0.39765625 0.82734375 0.1078125 0.10703125
2 0.1484375 0.7859375 0.09375 0.15625
2 0.1546875 0.56875 0.05546875 0.1015625
2 0.22734375 0.603125 0.059375 0.1140625
2 0.20234375 0.49296875 0.05625 0.0625
2 0.06640625 0.52265625 0.06796875 0.071875
2 0.140625 0.45703125 0.0484375 0.07109375
2 0.30234375 0.45078125 0.07578125 0.08359375
2 0.52265625 0.42890625 0.08671875 0.121875
2 0.24453125 0.44140625 0.0515625 0.0671875
2 0.32265625 0.3765625 0.04296875 0.084375
2 0.475 0.35625 0.04375 0.0921875
2 0.440625 0.55234375 0.11015625 0.11484375
2 0.40625 0.44140625 0.0859375 0.08984375
2 0.38515625 0.353125 0.046875 0.0859375
2 0.63515625 0.340625 0.1109375 0.11953125
2 0.559375 0.30703125 0.0796875 0.07578125
2 0.8421875 0.25546875 0.0734375 0.1171875