2 0.8421875 0.490625 0.27109375 0.9
2 0.58203125 0.42890625 0.08359375 0.1828125
2 0.621875 0.58671875 0.06171875 0.22890625
2 0.5984375 0.8375 0.08828125 0.23828125
2 0.55390625 0.590625 0.07890625 0.28671875
2 0.4875 0.615625 0.07578125 0.209375
2 0.475 0.7859375 0.096875 0.2125
2 0.4265625 0.48359375 0.06015625 0.28671875
2 0.28671875 0.75390625 0.07734375 0.4703125
2 0.2515625 0.23828125 0.12578125 0.31796875
2 0.16171875 0.56328125 0.13125 0.42578125
2 0.0953125 0.62265625 0.09609375 0.2515625