2 0.5859375 0.48515625 0.07890625 0.13359375
2 0.35546875 0.43359375 0.078125 0.1328125
2 0.21015625 0.48671875 0.0875 0.175
2 0.1515625 0.47890625 0.05390625 0.12890625
2 0.12890625 0.5203125 0.06796875 0.1421875
2 0.23515625 0.57109375 0.08125 0.1484375
2 0.1421875 0.678125 0.1328125 0.2296875
2 0.07109375 0.78515625 0.121875 0.31328125
2 0.27265625 0.92421875 0.1125 0.1484375
2 0.37734375 0.72109375 0.225 0.2421875
2 0.61953125 0.55625 0.0859375 0.13125
2 0.43203125 0.92734375 0.0890625 0.1453125
2 0.67109375 0.6875 0.16640625 0.11015625
2 0.70078125 0.796875 0.1234375 0.20390625
2 0.93515625 0.70625 0.1171875 0.22890625