2 0.3671875 0.80078125 0.25703125 0.3796875
2 0.04921875 0.65625 0.0953125 0.31796875
2 0.18984375 0.45625 0.1140625 0.16328125
2 0.10390625 0.31328125 0.0765625 0.103125
2 0.17421875 0.25390625 0.06875 0.115625
2 0.25 0.1890625 0.05546875 0.128125
2 0.56953125 0.39609375 0.1171875 0.18046875
2 0.82421875 0.34140625 0.1015625 0.1671875
2 0.7984375 0.51953125 0.0953125 0.18203125
2 0.925 0.55859375 0.08203125 0.275
2 0.77109375 0.8390625 0.1609375 0.321875
2 0.70625 0.671875 0.09375 0.19140625
2 0.40234375 0.51015625 0.1421875 0.2015625
2 0.35546875 0.21640625 0.046875 0.10546875
2 0.70390625 0.3703125 0.09296875 0.175
2 0.465625 0.18125 0.05625 0.146875