2 0.34375 0.24765625 0.12734375 0.21640625
2 0.19453125 0.31796875 0.16171875 0.215625
2 0.26796875 0.4875 0.128125 0.1890625
2 0.58046875 0.5046875 0.071875 0.10703125
2 0.453125 0.459375 0.09375 0.090625
2 0.37421875 0.5265625 0.034375 0.10703125
2 0.546875 0.55234375 0.07734375 0.11953125
2 0.5203125 0.603125 0.08984375 0.13828125
2 0.44140625 0.62890625 0.06796875 0.090625
2 0.47421875 0.54453125 0.075 0.11484375
2 0.50703125 0.7203125 0.10546875 0.10546875
2 0.76640625 0.6765625 0.23515625 0.43046875