2 0.9421875 0.69921875 0.115625 0.2765625
2 0.7125 0.80703125 0.1203125 0.22734375
2 0.684375 0.67734375 0.16953125 0.1890625
2 0.64140625 0.57265625 0.10625 0.140625
2 0.5875 0.47421875 0.08203125 0.1125
2 0.740625 0.421875 0.15390625 0.12578125
2 0.5828125 0.36953125 0.078125 0.0703125
2 0.340625 0.4171875 0.0890625 0.1578125
2 0.16640625 0.46640625 0.13828125 0.14140625
2 0.21484375 0.571875 0.1125 0.14609375
2 0.134375 0.69921875 0.10234375 0.271875
2 0.065625 0.78515625 0.1015625 0.24765625
2 0.2421875 0.9328125 0.14921875 0.11953125
2 0.36640625 0.6953125 0.146875 0.26015625
2 0.43046875 0.53046875 0.0734375 0.14765625
2 0.4265625 0.93125 0.1171875 0.13671875
2 0.83515625 0.5765625 0.071875 0.13671875