2 0.8484375 0.7328125 0.11015625 0.20078125
2 0.75390625 0.62421875 0.1265625 0.171875
2 0.5828125 0.50078125 0.078125 0.0984375
2 0.3875 0.3875 0.07265625 0.1109375
2 0.22265625 0.39140625 0.15234375 0.115625
2 0.27109375 0.51953125 0.1015625 0.1046875
2 0.19375 0.57734375 0.1109375 0.1984375
2 0.096875 0.6390625 0.07109375 0.22421875
2 0.353125 0.64765625 0.146875 0.23046875
2 0.6109375 0.6453125 0.14921875 0.2109375
2 0.63203125 0.784375 0.13984375 0.1640625
2 0.3859375 0.81875 0.12109375 0.12109375
2 0.44765625 0.5171875 0.17734375 0.1703125
2 0.72265625 0.46484375 0.1359375 0.11171875