2 0.93125 0.4734375 0.10625 0.253125
2 0.8234375 0.7921875 0.25234375 0.28671875
2 0.71875 0.6171875 0.17265625 0.33671875
2 0.6359375 0.540625 0.09609375 0.16484375
2 0.59609375 0.42265625 0.10703125 0.18515625
2 0.56328125 0.33515625 0.0828125 0.1921875
2 0.08515625 0.89296875 0.1703125 0.2140625
2 0.2734375 0.8359375 0.23125 0.3078125
2 0.33046875 0.553125 0.115625 0.25
2 0.4 0.50625 0.10234375 0.278125
2 0.46953125 0.38515625 0.06875 0.159375
2 0.0421875 0.44375 0.0734375 0.175
2 0.1546875 0.3953125 0.13671875 0.16015625
2 0.27421875 0.31953125 0.14921875 0.140625