2 0.69140625 0.83359375 0.18046875 0.321875
2 0.2296875 0.85625 0.1515625 0.27578125
2 0.32890625 0.67734375 0.0953125 0.2140625
2 0.2078125 0.4984375 0.075 0.1625
2 0.071875 0.5703125 0.065625 0.2375
2 0.4703125 0.4125 0.11015625 0.18984375
2 0.8359375 0.47578125 0.09375 0.20625
2 0.965625 0.6828125 0.06875 0.35078125
2 0.89921875 0.32265625 0.08125 0.13359375
2 0.821875 0.2703125 0.05390625 0.10625
2 0.75625 0.215625 0.03515625 0.07734375
2 0.6390625 0.19296875 0.0328125 0.05859375
2 0.571875 0.20859375 0.06328125 0.0984375
2 0.17421875 0.33515625 0.06796875 0.1703125
2 0.0921875 0.35546875 0.05546875 0.17265625
2 0.303125 0.365625 0.08046875 0.1234375
2 0.27890625 0.25390625 0.05 0.084375
2 0.47421875 0.24609375 0.040625 0.09609375
2 0.97890625 0.21015625 0.04140625 0.1546875
2 0.88046875 0.18046875 0.06328125 0.0953125
2 0.590625 0.53203125 0.078125 0.23828125
2 0.61640625 0.33671875 0.06640625 0.13125
2 0.68203125 0.2859375 0.0390625 0.071875