2 0.67421875 0.70078125 0.14453125 0.2
2 0.86171875 0.75 0.08515625 0.21015625
2 0.92578125 0.51484375 0.078125 0.121875
2 0.8375 0.4375 0.096875 0.17109375
2 0.77265625 0.40390625 0.078125 0.13046875
2 0.703125 0.47890625 0.13203125 0.184375
2 0.64765625 0.32109375 0.08046875 0.0875
2 0.5578125 0.228125 0.07421875 0.096875
2 0.53125 0.346875 0.078125 0.08125
2 0.5078125 0.4453125 0.12734375 0.1328125
2 0.43359375 0.30703125 0.09609375 0.10546875
2 0.37890625 0.2015625 0.0609375 0.10078125
2 0.24296875 0.125 0.10234375 0.13046875
2 0.171875 0.16328125 0.0875 0.1125
2 0.24296875 0.334375 0.0875 0.19453125
2 0.3875 0.375 0.1609375 0.1828125
2 0.28671875 0.50625 0.1546875 0.1625
2 0.08828125 0.42265625 0.0796875 0.2140625
2 0.92890625 0.359375 0.0984375 0.09921875
2 0.75546875 0.321875 0.06640625 0.0921875