2 0.0296875 0.21953125 0.059375 0.2140625
2 0.11796875 0.2265625 0.06015625 0.21640625
2 0.06640625 0.64296875 0.128125 0.440625
2 0.27734375 0.715625 0.1875 0.28203125
2 0.175 0.15546875 0.046875 0.15
2 0.25078125 0.23984375 0.11015625 0.16171875
2 0.2953125 0.38125 0.1328125 0.20078125
2 0.2890625 0.0953125 0.08828125 0.0875
2 0.39375 0.12265625 0.07265625 0.09921875
2 0.49453125 0.1359375 0.08828125 0.13046875
2 0.47734375 0.24921875 0.08671875 0.11953125
2 0.47421875 0.4 0.15546875 0.134375
2 0.6359375 0.28046875 0.09453125 0.11796875
2 0.7234375 0.159375 0.09140625 0.13515625
2 0.853125 0.1453125 0.096875 0.1375
2 0.9625 0.23515625 0.075 0.1453125
2 0.828125 0.3578125 0.14296875 0.18828125
2 0.6921875 0.6453125 0.14921875 0.25234375
2 0.9578125 0.625 0.0796875 0.2875
2 0.67421875 0.41484375 0.1546875 0.14609375
2 0.61015625 0.0671875 0.10546875 0.1265625