2 0.15703125 0.5109375 0.259375 0.87421875
2 0.42421875 0.4125 0.078125 0.15546875
2 0.3828125 0.509375 0.04921875 0.13984375
2 0.37421875 0.61953125 0.0515625 0.1734375
2 0.45546875 0.6203125 0.0828125 0.24609375
2 0.41171875 0.84296875 0.11640625 0.2328125
2 0.5140625 0.61796875 0.084375 0.20625
2 0.52265625 0.84140625 0.07734375 0.2390625
2 0.58203125 0.5125 0.0734375 0.225
2 0.609375 0.8015625 0.07578125 0.33984375
2 0.76953125 0.2640625 0.1375 0.2984375
2 0.8765625 0.5953125 0.20625 0.5890625
2 0.7390625 0.73515625 0.12109375 0.49609375