2 0.90859375 0.6578125 0.16015625 0.16171875
2 0.86640625 0.315625 0.121875 0.1140625
2 0.77734375 0.365625 0.16796875 0.12734375
2 0.74609375 0.60625 0.15078125 0.20625
2 0.6015625 0.4640625 0.11640625 0.15703125
2 0.5109375 0.4015625 0.078125 0.096875
2 0.62890625 0.35859375 0.07421875 0.128125
2 0.2578125 0.75703125 0.20625 0.228125
2 0.36328125 0.64375 0.14921875 0.18984375
2 0.396875 0.52265625 0.1171875 0.17890625
2 0.4578125 0.43828125 0.11484375 0.16953125
2 0.15234375 0.64296875 0.11640625 0.196875
2 0.22578125 0.5640625 0.109375 0.20234375
2 0.30078125 0.44765625 0.05859375 0.10546875