2 0.6890625 0.36015625 0.13046875 0.2953125
2 0.18359375 0.35390625 0.13125 0.215625
2 0.41875 0.37734375 0.29609375 0.21875
2 0.3140625 0.65546875 0.16875 0.26484375
2 0.0390625 0.646875 0.07734375 0.32734375
2 0.04453125 0.22578125 0.0671875 0.26015625
2 0.2296875 0.1296875 0.22265625 0.15234375
2 0.52265625 0.23828125 0.1203125 0.16328125
2 0.49296875 0.39921875 0.125 0.14140625
2 0.33671875 0.39296875 0.103125 0.15859375
2 0.37265625 0.25 0.07421875 0.1140625
2 0.62265625 0.134375 0.0671875 0.134375
2 0.72890625 0.1015625 0.065625 0.15
2 0.83515625 0.15234375 0.0859375 0.09453125
2 0.88203125 0.2734375 0.08984375 0.16875
2 0.721875 0.6890625 0.12890625 0.1859375
2 0.9296875 0.6375 0.11328125 0.22890625
2 0.03125 0.05390625 0.05390625 0.0796875
2 0.4671875 0.07734375 0.11484375 0.1078125
2 0.96796875 0.24140625 0.0640625 0.20703125