2 0.815625 0.890625 0.17265625 0.21796875
2 0.7140625 0.7125 0.11328125 0.23828125
2 0.57109375 0.4140625 0.11796875 0.21640625
2 0.51484375 0.2703125 0.09296875 0.09375
2 0.47890625 0.19140625 0.05 0.09765625
2 0.9203125 0.5625 0.078125 0.21796875
2 0.81328125 0.51640625 0.0890625 0.17890625
2 0.82578125 0.35078125 0.0734375 0.178125
2 0.921875 0.3640625 0.07421875 0.178125
2 0.67578125 0.34765625 0.0609375 0.184375
2 0.35703125 0.21953125 0.02734375 0.0859375
2 0.29296875 0.17578125 0.02265625 0.10546875
2 0.17890625 0.25703125 0.0390625 0.1171875
2 0.246875 0.21171875 0.02578125 0.08515625
2 0.40703125 0.21796875 0.03046875 0.0734375
2 0.3546875 0.7953125 0.225 0.33515625
2 0.4125 0.51953125 0.10390625 0.15546875
2 0.39453125 0.30546875 0.0515625 0.11875
2 0.1828125 0.45078125 0.0859375 0.190625
2 0.11171875 0.30390625 0.0703125 0.0921875
2 0.03125 0.209375 0.06171875 0.153125
2 0.0640625 0.70546875 0.10390625 0.37734375
2 0.24375 0.371875 0.08046875 0.11640625
2 0.12109375 0.18125 0.0578125 0.08515625
2 0.61171875 0.26171875 0.0453125 0.10390625
2 0.7265625 0.40390625 0.05078125 0.09765625
2 0.71328125 0.2265625 0.04296875 0.0828125
2 0.82421875 0.16953125 0.05625 0.0546875