2 0.2875 0.15859375 0.10078125 0.1359375
2 0.190625 0.1890625 0.1140625 0.14375
2 0.1140625 0.38828125 0.0625 0.17421875
2 0.39453125 0.23359375 0.090625 0.16484375
2 0.265625 0.32578125 0.090625 0.14453125
2 0.3734375 0.38203125 0.084375 0.14296875
2 0.51640625 0.43359375 0.153125 0.1734375
2 0.3125 0.53984375 0.10625 0.1515625
2 0.65625 0.70703125 0.134375 0.1484375
2 0.6890625 0.49375 0.1109375 0.24375
2 0.834375 0.76796875 0.09375 0.14765625
2 0.85078125 0.465625 0.06796875 0.17890625
2 0.928125 0.52421875 0.0578125 0.1171875
2 0.75234375 0.34140625 0.07265625 0.0875
2 0.64609375 0.328125 0.0828125 0.10703125
2 0.540625 0.26015625 0.08671875 0.10234375