2 0.05078125 0.2078125 0.08515625 0.1859375
2 0.04140625 0.5984375 0.06796875 0.29140625
2 0.184375 0.36484375 0.11640625 0.2171875
2 0.1609375 0.1296875 0.07421875 0.13984375
2 0.28671875 0.15078125 0.1109375 0.11015625
2 0.38671875 0.2765625 0.1140625 0.14375
2 0.31015625 0.39296875 0.09140625 0.14453125
2 0.49453125 0.4234375 0.17734375 0.12578125
2 0.31953125 0.65546875 0.15078125 0.22578125
2 0.73671875 0.7109375 0.24140625 0.2265625
2 0.946875 0.6703125 0.10546875 0.39296875
2 0.71484375 0.40625 0.16328125 0.21953125
2 0.53359375 0.21953125 0.11015625 0.13984375
2 0.6140625 0.1140625 0.11171875 0.1125
2 0.50859375 0.08671875 0.09140625 0.06953125
2 0.39765625 0.07890625 0.0875 0.11953125
2 0.72421875 0.10234375 0.084375 0.128125
2 0.8296875 0.13359375 0.07578125 0.125
2 0.8828125 0.27734375 0.13125 0.1453125
2 0.96796875 0.24140625 0.06328125 0.146875