2 0.13359375 0.3890625 0.0984375 0.17578125
2 0.26328125 0.51328125 0.075 0.171875
2 0.34765625 0.496875 0.06796875 0.159375
2 0.43828125 0.48984375 0.10390625 0.19296875
2 0.625 0.55078125 0.08671875 0.15390625
2 0.740625 0.675 0.07890625 0.15390625
2 0.5421875 0.69140625 0.15546875 0.171875
2 0.37578125 0.74609375 0.0890625 0.10078125
2 0.50703125 0.85078125 0.08203125 0.11875
2 0.646875 0.68046875 0.0796875 0.090625
2 0.65234375 0.778125 0.13828125 0.1390625
2 0.66953125 0.86640625 0.11875 0.09375
2 0.27265625 0.36640625 0.146875 0.14140625