2 0.84296875 0.4765625 0.27578125 0.8921875
2 0.63203125 0.59609375 0.06640625 0.18984375
2 0.56796875 0.346875 0.08828125 0.1578125
2 0.609375 0.49921875 0.0703125 0.08828125
2 0.53203125 0.5046875 0.0625 0.0984375
2 0.625 0.85625 0.03828125 0.2875
2 0.57265625 0.83359375 0.121875 0.1984375
2 0.5546875 0.6203125 0.08671875 0.2078125
2 0.49140625 0.62109375 0.06953125 0.18984375
2 0.4359375 0.5109375 0.06171875 0.225
2 0.39921875 0.6890625 0.06328125 0.23359375
2 0.47578125 0.7640625 0.07734375 0.2078125
2 0.28515625 0.725 0.0796875 0.55
2 0.2625 0.265625 0.13359375 0.3296875
2 0.16875 0.61484375 0.1765625 0.40546875