2 0.271875 0.1453125 0.06484375 0.11328125
2 0.17265625 0.175 0.0640625 0.12265625
2 0.096875 0.38671875 0.06875 0.1703125
2 0.2328125 0.30390625 0.08046875 0.14296875
2 0.315625 0.3359375 0.05390625 0.13046875
2 0.37265625 0.19140625 0.06640625 0.15546875
2 0.4390625 0.31328125 0.06171875 0.0515625
2 0.38515625 0.38046875 0.08359375 0.11640625
2 0.4984375 0.425 0.10546875 0.12890625
2 0.5734375 0.3640625 0.07890625 0.11796875
2 0.56640625 0.2421875 0.05234375 0.09296875
2 0.65390625 0.31640625 0.0828125 0.1
2 0.75625 0.35 0.07109375 0.08984375
2 0.69296875 0.503125 0.121875 0.2125
2 0.91875 0.51875 0.0859375 0.12109375
2 0.3046875 0.50625 0.15 0.15
2 0.6609375 0.7140625 0.16484375 0.1703125
2 0.8484375 0.74765625 0.11328125 0.11875
2 0.78828125 0.46953125 0.1171875 0.134375
2 0.89609375 0.3890625 0.084375 0.0765625