2 0.275 0.55703125 0.23515625 0.1953125
2 0.128125 0.3046875 0.09375 0.175
2 0.28203125 0.19296875 0.06171875 0.059375
2 0.35234375 0.21875 0.06796875 0.065625
2 0.303125 0.3015625 0.07578125 0.0703125
2 0.50390625 0.2953125 0.096875 0.05703125
2 0.42265625 0.23515625 0.05234375 0.06484375
2 0.43359375 0.44765625 0.12890625 0.1609375
2 0.56484375 0.46796875 0.084375 0.0734375
2 0.58671875 0.803125 0.13203125 0.15546875
2 0.71328125 0.68203125 0.0359375 0.12734375
2 0.59921875 0.67109375 0.0984375 0.06015625
2 0.584375 0.4046875 0.05390625 0.078125
2 0.66875 0.565625 0.06015625 0.1078125
2 0.7796875 0.74765625 0.109375 0.15703125
2 0.79140625 0.62109375 0.06953125 0.090625
2 0.659375 0.45234375 0.05546875 0.084375
2 0.75234375 0.5046875 0.06796875 0.09140625
2 0.853125 0.6046875 0.06953125 0.10703125
2 0.88515625 0.71484375 0.06484375 0.06875