2 0.446875 0.77109375 0.215625 0.25234375
2 0.428125 0.52421875 0.14765625 0.1828125
2 0.3765625 0.359375 0.07421875 0.08359375
2 0.53203125 0.403125 0.1203125 0.10625
2 0.7640625 0.57265625 0.20390625 0.225
2 0.86640625 0.37734375 0.103125 0.2078125
2 0.76015625 0.384375 0.09296875 0.1375
2 0.6421875 0.35390625 0.08046875 0.11953125
2 0.67109375 0.22890625 0.10546875 0.1265625
2 0.5015625 0.29375 0.1140625 0.08984375
2 0.2359375 0.43046875 0.0828125 0.07578125
2 0.20390625 0.475 0.05078125 0.09140625
2 0.22265625 0.59296875 0.0671875 0.11953125
2 0.146875 0.55234375 0.07890625 0.08828125
2 0.15703125 0.81796875 0.12734375 0.2078125
2 0.06640625 0.53515625 0.05234375 0.10859375
2 0.1546875 0.46171875 0.0765625 0.07265625
2 0.7953125 0.20078125 0.0859375 0.13125