2 0.159375 0.475 0.26484375 0.8390625
2 0.4296875 0.40390625 0.0640625 0.16015625
2 0.38125 0.5890625 0.05390625 0.234375
2 0.4484375 0.5140625 0.059375 0.11640625
2 0.42578125 0.84609375 0.12265625 0.2234375
2 0.4390625 0.63828125 0.065625 0.16484375
2 0.51484375 0.60390625 0.0765625 0.20234375
2 0.571875 0.53828125 0.0765625 0.2625
2 0.52890625 0.7828125 0.07421875 0.190625
2 0.6171875 0.81796875 0.071875 0.35
2 0.71953125 0.71875 0.090625 0.5625
2 0.7453125 0.2546875 0.09375 0.27734375
2 0.88515625 0.62109375 0.19765625 0.534375