2 0.63984375 0.77265625 0.21953125 0.2921875
2 0.87734375 0.7453125 0.11796875 0.2421875
2 0.79140625 0.53828125 0.07578125 0.13515625
2 0.87421875 0.46875 0.07890625 0.14921875
2 0.80859375 0.38359375 0.06796875 0.07109375
2 0.659375 0.3140625 0.08125 0.08203125
2 0.58828125 0.52734375 0.1421875 0.18984375
2 0.4609375 0.4171875 0.1265625 0.13046875
2 0.3125 0.575 0.1 0.1625
2 0.22890625 0.70078125 0.134375 0.23671875
2 0.11171875 0.47109375 0.0921875 0.2125
2 0.22734375 0.41015625 0.109375 0.1515625
2 0.34140625 0.30078125 0.08125 0.128125
2 0.2140625 0.296875 0.07265625 0.10546875
2 0.1125 0.30546875 0.08046875 0.08828125
2 0.45078125 0.2625 0.0625 0.0828125
2 0.5625 0.2671875 0.05703125 0.08046875
2 0.73515625 0.30625 0.0546875 0.096875
2 0.90234375 0.34296875 0.08671875 0.08203125
2 0.95546875 0.44140625 0.04609375 0.121875
2 0.2234375 0.19375 0.09609375 0.07578125
2 0.340625 0.21015625 0.071875 0.059375