2 0.22734375 0.678125 0.2421875 0.40078125
2 0.55859375 0.4734375 0.06171875 0.10234375
2 0.56796875 0.62734375 0.09453125 0.09453125
2 0.48984375 0.70625 0.10703125 0.07890625
2 0.48125 0.58828125 0.08046875 0.06953125
2 0.4796875 0.5390625 0.08671875 0.0828125
2 0.41328125 0.6046875 0.053125 0.109375
2 0.425 0.48984375 0.08125 0.1
2 0.61328125 0.50390625 0.090625 0.12734375
2 0.57578125 0.61640625 0.06015625 0.13359375
2 0.73515625 0.5078125 0.12421875 0.23125
2 0.82734375 0.37109375 0.18515625 0.25234375
2 0.6859375 0.2515625 0.121875 0.1796875