2 0.1359375 0.1765625 0.06171875 0.09609375
2 0.0875 0.4 0.07578125 0.1984375
2 0.3125 0.54296875 0.12421875 0.2359375
2 0.26328125 0.31171875 0.1171875 0.190625
2 0.4171875 0.30390625 0.1 0.10625
2 0.26640625 0.1484375 0.0890625 0.12890625
2 0.378125 0.20625 0.090625 0.0984375
2 0.40390625 0.396875 0.12578125 0.128125
2 0.5484375 0.35390625 0.1265625 0.15625
2 0.53671875 0.44453125 0.10625 0.11875
2 0.7203125 0.496875 0.1640625 0.2390625
2 0.85859375 0.478125 0.08828125 0.13671875
2 0.94453125 0.49375 0.0578125 0.0921875
2 0.68046875 0.690625 0.15546875 0.1609375
2 0.8515625 0.74375 0.1 0.17421875
2 0.55 0.2125 0.08828125 0.09921875
2 0.665625 0.29921875 0.04765625 0.11875