2 0.7859375 0.69921875 0.2046875 0.40546875
2 0.58046875 0.49140625 0.071875 0.0796875
2 0.5421875 0.56875 0.13046875 0.15625
2 0.49765625 0.70078125 0.1375 0.1046875
2 0.43125 0.61171875 0.08828125 0.13125
2 0.465625 0.55859375 0.06796875 0.134375
2 0.46171875 0.45625 0.07421875 0.1
2 0.44140625 0.5140625 0.07578125 0.1015625
2 0.37421875 0.53828125 0.09453125 0.0875
2 0.2859375 0.49296875 0.10703125 0.2046875
2 0.19921875 0.35390625 0.1375 0.20078125
2 0.3140625 0.22421875 0.16640625 0.21640625